1.2278869118304376
1.2278869118304376
1.2278869118304376
1.2278869118304376
1.2278869118304376
0.12432730932043833
0.04932730932043827
0.04932730932043827
0.04932730932043827
0.12432730932043833
0.1209922022868902
-0.24900779771311
-0.24900779771311
-0.24900779771311
0.1209922022868902
0.011656790211756363
0.08165679021175637
0.08165679021175637
0.08165679021175637
0.011656790211756363
0.12376783842120428
-0.39623216157879604
-0.39623216157879604
-0.39623216157879604
0.12376783842120428
0.12425666883265171
-0.3657433311673486
-0.3657433311673486
-0.3657433311673486
0.12425666883265171
1.2074255230602482
1.2074255230602482
1.2074255230602482
1.2074255230602482
1.2074255230602482
